"y" "x" "z" "v" "w"
"1" 1.0617663871546 0.216754862863576 -0.198908001640096 -0.303941140092595 0.499437556185973
"2" -10.256792726138 -1.28124663010116 -0.921490778073933 -0.939263593483384 -0.0722475953825334
"3" 4.03686943117797 0.383057338517151 0.285118270441665 0.193724710379644 0.312351944627134
"4" -10.2320168169363 -0.100368442585905 -0.55057402269761 -0.286976720650416 0.66342565969018
"5" 4.20287950359985 0.592896940648028 0.231390236514909 0.129383216931004 1.06623108470909
"6" -8.83039529487088 0.153464179554629 0.458400847636819 0.933624570924465 0.0098559279863365
"7" -6.37704270212939 -0.227405417273616 0.313920667850138 0.610833686325824 -0.173495355772344
"8" 15.352740326229 1.29251233641714 -0.181434769579457 -0.57493145884155 0.131986722733164
"9" 11.0918130748564 0.723904155284259 -0.60841351173138 -1.00356312168747 -0.269109857972113
"10" 27.3053232043857 1.97090096972424 1.36565851077749 0.705133643827243 1.11797760069859
"11" 13.9288209576815 -1.06852307048677 0.834668368461719 0.210446755151239 -1.2621273065648
"12" -10.706198645755 -0.397355522973457 0.0793692353876249 0.473132352041024 0.207298634092295
"13" -15.7868670480766 -0.958906074999206 -0.846033960796153 -0.43092981131388 -0.332604644610471
"14" -17.1702821113042 -0.796807509842757 -0.956468513804868 -0.519442050954761 0.034615324262721
"15" -7.29898698042269 -1.0327384328225 -1.65893405394915 -1.66486294388523 -1.63249845496336
"16" -4.62367711869235 -1.27765990277316 -1.22091076788095 -1.40500592619876 -1.15674775305865
"17" 11.8218949762954 2.33032167829949 0.972103610314091 0.936140214194901 2.22188584419964
"18" -16.0252096806983 -0.356475179818482 -0.855712437018105 -0.298502394002333 -0.290332770144984
"19" -0.522718633639933 -1.09850750875349 -1.67645046257285 -2.04152030816585 -1.12596556222045
"20" -2.5389570938338 -0.114022791247444 0.175081479812874 0.270508117450188 -0.40010709583206
"21" -13.2447363647691 -0.133235612186242 -1.23636027877788 -0.879753417402609 0.617692850095401
"22" -23.4587464062338 -0.941256608526453 -1.04450323985701 -0.285405489992024 -0.973963843902317
"23" 10.2198542175339 -0.964625666731115 -1.42446962078912 -2.15896526553035 -1.62673213982782
"24" -19.7015356347455 -1.67671375844017 -0.458879770122891 -0.0359423134497069 -0.474369173819969
"25" 6.70355893857061 -0.722613780351587 -0.374899416953773 -0.793151168320279 -1.33922303572103
"26" 9.40249798916577 0.876984652958674 0.187135639262187 -0.126765856122294 1.29799006474108
"27" 19.0929714833027 -0.857365663007039 -0.193803080187268 -1.0799884907422 -1.99861172044607
"28" -22.5899463717995 -0.931999025969062 -2.21460954766773 -1.70151300269966 -0.617924996140951
"29" -17.140330228497 -0.229342287242887 -0.893579609609314 -0.357111055857807 0.698854836605917
"30" 22.0496275932737 1.68260721179796 1.51752142707612 1.06739687461578 1.13131484044559
"31" -24.8342075687695 -1.02501605344749 -1.2646025880299 -0.55815224847033 -0.596913683438892
"32" -2.09909073147951 0.380459668905729 0.41518361895512 0.580950079264607 0.562823221935791
"33" 6.09584264591219 0.565580896444599 -0.448659941493657 -0.627649069960295 -0.0645427885153429
"34" -37.013868641682 -1.19547513851511 -0.548474855514319 0.683110784756154 0.172782956625482
"35" 10.9495889763702 -0.767841725586585 1.11658184561437 0.759033029083068 -1.48661062043461
"36" 16.8554489076849 -0.22546229725333 0.402146442109077 -0.318007243006853 -0.378200998414767
"37" -3.57085003101308 -0.00838740037735593 -1.08356618908137 -1.07230275465849 -0.295441082660262
"38" -20.7819343875689 -0.136631220032256 -0.666567500055263 0.0972927141531973 0.548090400145957
"39" 22.0368999053047 1.12627243749009 1.19127538590241 0.595615712860573 0.28162367889922
"40" -9.22383925524973 -0.936829212533565 -0.966953659949781 -0.848004251642857 -0.871779761393762
"41" 1.6762471273603 -0.983944159000843 -0.345496752091945 -0.608526945108187 -1.26510049975658
"42" 0.926547257694553 0.0610154634939538 0.194928219473593 0.162012175163656 0.341972156734787
"43" 10.358063857762 -0.676572610947997 -1.27771844177867 -1.96105981116143 -1.0118460928403
"44" 9.54703626948457 0.616393043709869 0.577211040930609 0.384131540051489 -0.16279154890266
"45" 0.722250014879541 0.485034175324486 1.88952795208278 2.18784595553588 0.889836737567347
"46" 6.80971405392412 1.00771944243749 1.01817588079899 1.01869737939728 0.825874207121357
"47" -11.4497168779509 0.0315086105467575 0.457885417214669 0.999804836957181 -0.010477890089167
"48" 8.90108429693196 -1.47836165413056 -1.55803047423005 -2.36521613290865 -2.14198162676309
"49" 14.3770516853673 0.118795022590519 1.08932736550259 0.590969959501291 0.6371655344933
"50" 1.62277846163036 0.0629558586960515 -0.800459803265266 -0.912356744234941 -0.50048368882469
"51" -35.3460618441955 -2.83958305795995 -1.26310951901277 -0.494574590000028 -1.08685059693473
"52" 0.760799912383223 -0.316852595609554 -0.0270311004691367 -0.10777448156732 -0.338022849904031
"53" 16.7836569404338 0.388043478406846 -0.862232394547269 -1.58668444288774 -0.608293722501284
"54" 10.9883475422814 0.763298406393644 1.32444479518186 1.13075075501074 0.926280379907147
"55" -4.6906624764894 -0.201148411049674 0.201090278156251 0.434178830910034 -0.502398908576432
"56" -7.62527585231518 1.07895817024186 1.04703979656377 1.63777242594823 1.65908669624066
"57" 10.0544944048724 0.113726577204603 0.0332378857042637 -0.287397064567497 -0.802224049230081
"58" -8.05715860465491 -1.74580030559606 -0.963186504623657 -0.99754110440347 -1.95862042144613
"59" 19.2299314318621 0.905959138113725 0.333752065334276 -0.25443336494607 0.0687174502117054
"60" 12.7473027266067 0.552096109056611 0.343840861700258 -0.0989547154002496 0.36084802676338
"61" 12.6422637187571 0.958441594027963 1.41258177080594 1.2985247305481 0.358813000577611
"62" -24.6437759601458 -2.0426803971209 -1.63304235455987 -1.13659264332731 -1.43759018033663
"63" -9.55734729705306 1.24183992656981 -0.569839124029094 -0.103444816632971 1.7086557633257
"64" -5.44321171252553 0.1769054957189 -0.141143541641485 -0.00899547346474372 1.3619018820804
"65" -15.3711521106299 -0.889089882370467 -1.89221681088256 -1.58562059264724 -0.977961221485654
"66" -21.1812422467419 0.141791025233308 -0.543373476700173 0.294830492739863 0.822214237006794
"67" -6.88482490445565 -0.850201336056757 -0.831828847536909 -0.781109267527995 -0.805155373370981
"68" -16.6005333134177 -0.238287256536963 -0.184753174429191 0.506758634012088 -0.356919618990916
"69" -6.13705067783813 0.769642209950137 1.24444283505538 1.7321754511657 1.23977400397672
"70" 9.35335511341341 0.06444340265721 -0.0199126632107596 -0.424267365142361 -0.114291639572774
"71" -1.29542078561478 -0.583789255332263 -1.13834322783849 -1.32388086009685 -0.710935405079725
"72" 11.0646703816278 0.0390408419842472 -0.908420982623336 -1.50547320701931 -0.507690963159864
"73" -25.9088433487364 -1.86854279544613 -2.57807296964669 -2.19962999912988 -0.637104428026079
"74" 3.8441283424791 -1.14548292550249 -0.0958177351178136 -0.450584561667635 -1.20615605270771
"75" 3.26405819152722 1.55916136416113 1.92334957011377 2.23827055287562 1.78747238639098
"76" 4.38029528362024 -1.13435200576579 -0.329207754203226 -0.731299805457207 -1.31556542057038
"77" -3.49642211834163 -0.819740226213377 -0.274143513060609 -0.236752008028526 -1.08542809496238
"78" 7.0799990089249 0.429193593177928 0.873441298532307 0.782709129798365 0.12474003501382
"79" 8.25823190549364 -0.630098603481176 -0.572857975947585 -1.0778032384822 -1.3808478949084
"80" 4.91216535568091 1.01372376686225 0.973250382096083 0.944656740834563 1.63337646030657
"81" -4.87039785043098 -1.50997184570513 -0.611019986564848 -0.655677112428405 -2.13390588618036
"82" -12.0207078049404 -0.448424488037015 -0.0171307779668641 0.425372943399501 -0.077841049610596
"83" 0.705356741711949 -0.836856666384048 0.000262704396889607 -0.159620412916471 -0.896202036986959
"84" 3.92002327979434 -0.459306188719606 -0.537788723282305 -0.740899421030737 -1.40445298829087
"85" 3.4641791852154 -0.348786577717891 -0.0522938877846408 -0.251137391197334 -0.439890268917793
"86" 3.21603941705738 -0.502517338616128 -0.296895038833985 -0.545433021666026 -0.835034120908009
"87" -3.84322998490284 -0.136096465919515 -0.436483578319504 -0.407180279581574 0.60705809746773
"88" 6.86697137058046 0.475831471541226 1.04420109428815 0.983839386371473 0.330848012313145
"89" -2.04592286255206 -0.594596855620731 0.221576152509459 0.204633782810612 -0.364788137316549
"90" 16.0456129184228 0.820187414078785 1.48942879238606 1.06981179934851 0.906807229337562
"91" -18.6758853353575 -1.24223327272307 -1.15097737992534 -0.709941094617399 -0.977909153920776
"92" -26.9295800389624 -0.0549033398800665 -0.526158692477356 0.52525824671523 0.582304276816974
"93" -2.67559644141262 1.49909001048141 -0.489324261108355 -0.301488880368985 2.22132143452725
"94" -10.18768870023 0.457388238418816 -0.46244329800056 -0.0450963119968103 0.87872364712341
"95" -0.0249102746267984 -0.967625132296272 -0.0328405031470546 -0.173695293992213 -1.30104686955687
"96" -16.7465504610838 -0.865314996104032 -1.57501240857809 -1.26122229621446 0.233120812141534
"97" 11.9047637640611 -0.859868289212358 -0.504842271744594 -1.21340140867626 -1.40751174147048
"98" 22.444629462487 0.161310770374009 0.713381934768614 -0.102161918078853 -0.362860850477482
"99" -8.16932223788491 -0.187969361629488 0.132875584154555 0.431222776637511 0.311323266748953
"100" -27.6361850815172 -1.24235554816921 -1.93575402111634 -1.18618633395705 -0.743974660850656
"101" -23.3659853876129 -2.15320420496253 -2.09636172998132 -1.75011635904667 -1.48490287375104
"102" 17.0683616163073 1.60487105720398 2.03564527279662 1.84197726104376 1.0443072336855
"103" 30.2442654290486 0.564053007660112 1.14279087119438 0.145583145127696 -0.716280188741605
"104" 9.14547433859293 -0.390945639348747 -0.130144922485717 -0.561593116978136 -0.691095069843423
"105" -3.50869800896466 1.06324817875717 0.0595493577691033 0.431680840644848 0.413366797108491
"106" -18.2212230773604 -0.502908160730309 -0.525070558585028 0.0615755986633334 -0.0748737557899865
"107" 0.922825117405896 -0.369065934733506 0.147413849577344 0.0534461157590373 -0.109702227727482
"108" -14.4676756794082 0.259692721311166 -0.84893404911592 -0.245864971824902 0.0928376606882152
"109" -19.6332233516801 -1.59506596773344 -0.271645550150764 0.239864947681718 -0.705244589937644
"110" -16.1048331970116 -0.335796482492529 -0.670512377617098 -0.153617585762296 0.47435538330479
"111" 5.15685341327307 0.268068472741368 1.84312835353932 1.83905305074335 1.00414872228896
"112" 11.5078058406411 -0.0786418223449512 0.573954597189112 0.225786983149845 -1.02032174861886
"113" -17.2108711844163 -0.440610916470451 0.384738002582574 0.972494093056412 0.876339793591682
"114" 2.03836208824932 -0.67322437268918 -1.00741877664913 -1.32342701226848 -1.01377312673975
"115" -24.0217036299528 0.747011286293705 0.36108246244981 1.54531927922633 1.39213576574818
"116" 4.16508619674642 0.20397686396744 -0.26692262734343 -0.380673868912819 -0.58047788672261
"117" 0.685802184126505 -0.954247120355638 -0.532924028525728 -0.759842280795969 -1.16432296139404
"118" 4.89177174926761 0.928759192358558 -0.0673754598954631 -0.114068977935233 0.852873102744477
"119" -14.0868466016624 -1.71371954903924 -1.42238541463208 -1.27615457212266 -1.80139297630798
"120" 1.16087918236009 1.42396090469039 0.545369970786249 0.752592638363383 1.50505169460524
"121" 3.05189567710086 1.3487161748367 1.50174185631725 1.70910847133302 1.751799547155
"122" 15.8325620949723 0.311251233312892 1.98893015985783 1.5772901550017 0.788347757371943
"123" 1.2594052565094 0.74297916262842 -0.0543826999304601 0.0135611842678579 0.528221795112333
"124" 6.19621506272979 1.51288593628705 1.58088221624507 1.71828537115568 1.99913278293146
"125" -0.523317557235375 2.16833000279905 0.326857967600263 0.690393434375788 2.79810972972806
"126" -6.0508190706201 -0.559089641693698 -0.0778463822264242 0.00727835167347646 0.225750846460135
"127" 13.5502649942546 0.719721211451164 0.969026632095001 0.660250724372466 0.342649180172467
"128" -7.24881894096135 -0.333895270648132 -0.254337261876807 -0.00462512518619318 -0.842629719127841
"129" 28.0307117959417 1.39699994187868 0.90179229786361 0.021848799299882 0.991083565270539
"130" -8.70204518689601 -1.48936451640858 -1.29149467877576 -1.32117688202982 -1.38328081021967
"131" 3.85507712251887 0.432763432791496 0.215369204036103 0.198468661011906 0.250788244525826
"132" -31.7406692388394 -1.05177175155094 -2.11162771398158 -1.26520928519257 0.218694813466693
"133" 17.290188149215 1.21429620278557 0.398995087952021 -0.0764136861692062 0.39304949269601
"134" 12.2833896626021 -0.423709893672725 -0.456288713375921 -1.07096719366356 -0.952803088739356
"135" -16.9303337130028 -1.19966157021347 -0.902930432366208 -0.541032375205271 -0.614654417429343
"136" 13.5831125870081 0.994337211667266 1.05684754186416 0.785506274447433 0.57742263225952
"137" -20.5884219067115 -1.09592885109876 -2.1440675212194 -1.6660639429221 -1.47212620686296
"138" 5.89243197909233 1.00316959281394 2.06956831989133 2.27397995115737 0.808263230863531
"139" -12.0622726091646 0.628481621486531 -0.367173335505324 0.208037249646511 0.871986950044401
"140" -1.53163350176719 0.411844803475607 1.31773466853428 1.5565395199204 0.754874260744636
"141" -5.35225590421134 -0.137558922363912 -0.41127087228373 -0.25119422769565 -0.03916264031915
"142" -4.10714645243088 -0.760368915392603 -0.449842234225819 -0.398194599513305 -1.56554000250275
"143" -5.96763360327488 -0.522402410953268 0.181548034607429 0.390674544789656 -0.469724561482488
"144" -9.08438306514301 -1.52495802187495 -0.681104738451308 -0.713823418410054 -0.49190643287871
"145" -18.4898816420697 -1.11365900330291 -1.41953162557281 -1.01867107672967 -0.591326956960052
"146" -9.31154875033443 0.17576459007269 -0.0927683073346258 0.357482887268579 0.0291548816576856
"147" 47.9494286162456 2.5253021714149 2.90140817392694 1.69318135680925 0.972573927963323
"148" 9.21502700142124 -0.00339952602044454 0.0602190750121829 -0.345778556409834 -0.0629156023159173
"149" 0.00117307944727407 -0.360648221543227 -0.861314462202825 -1.06087225184364 0.143402265558607
"150" 19.0838048489015 -0.133084306680349 -0.229479282622217 -1.03178303727499 -1.09922696293264
"151" -11.874059571126 -0.856550565358671 -0.158124087304669 0.152603655338683 -0.295438956745443
"152" 13.0274684437124 -0.480376236438866 0.0120391232626979 -0.546588162943437 -1.35853331583834
"153" 4.54236974299422 1.06906423724836 1.14932787154228 1.25631876016949 1.14036967011858
"154" 7.92005145707283 2.3332495359289 1.21486732552988 1.42475654325718 2.07126203690635
"155" -7.25977565873943 -0.0906302709118117 -0.386169748229838 -0.104349776552329 -0.229137309364104
"156" 5.84678693014061 0.688400047648406 -0.490627682086041 -0.701957137758482 0.683827106134718
"157" -32.711234808364 -1.85501868163096 -0.816741268259489 0.142882976601892 -1.04299427534084
"158" 3.44766661446499 1.06363246149522 -0.566236547978671 -0.587380981445871 0.568010036084968
"159" -4.84887057570899 -0.942937906061794 -1.80310638407702 -1.97140347206337 -1.17670975719893
"160" -0.83184564127959 1.02202319947706 0.800325432772824 1.12698426210321 0.683120830452586
"161" 7.18875740840416 0.103023808729761 0.545785789293454 0.322031816393509 -0.0614400849594327
"162" -3.09682677532633 1.39093003758657 0.155399279360715 0.594648348427996 0.801147794247137
"163" 1.9518412899492 0.17343574945367 -0.182432845207065 -0.229771428907605 -0.0257823574074208
"164" 23.7404541079185 0.334466233516654 -0.79780672512599 -1.75782747188708 -0.90143494723687
"165" 2.22289260038992 0.592880399148786 -0.0320099463320057 -0.0454111560366583 0.49505524439104
"166" -1.37466890879634 0.288535382812239 0.340366700023157 0.447867295482044 0.538871732368451
"167" 14.2180061983423 1.31239739250156 1.02871834484934 0.725074124548464 1.34345523680805
"168" -16.7115000174036 -1.34734203769996 -0.400925004852689 0.0520927077717087 -1.02535921855754
"169" 1.08025601875848 -0.191199501243049 -0.182245239477141 -0.297875785445468 -0.145205448923052
"170" -7.96051924414314 -0.552268831811732 -0.899913374587861 -0.768511615882749 -0.161532728352232
"171" 20.1613243200577 -0.718473296809158 0.0688115794394027 -0.804181229057651 -1.8291825776392
"172" 3.02996011908189 -1.01280041923952 -0.905155516356442 -1.26290815331261 -1.37876723299626
"173" 23.0452421330057 1.28937319676497 0.485393856956141 -0.19835712910126 0.686588224474706
"174" -2.10586171312804 -1.11925406988521 0.549440219326963 0.49896171048245 -0.802873754245567
"175" -16.5529829391129 -0.022701570250599 -0.722846258477381 -0.206221418654562 1.27129176087421
"176" 24.6334383325361 0.380038551151924 1.52058824412977 0.832363805129522 -0.678756989283381
"177" 9.61138568373208 0.41822194669998 1.13022469839032 0.916954727705317 0.144193709444412
"178" -18.3040858401466 -1.2809762344278 -0.636197758750834 -0.13203642187936 -0.561245741592174
"179" -20.8414390029206 -0.657410601009614 -1.0117764108943 -0.405253480929785 0.152867834161429
"180" 28.3526599463398 1.65584798903662 0.661629984866053 -0.172911543068217 0.555985942213483
"181" 9.14210140233156 0.526573497482391 0.751885881032399 0.589230945553395 0.291805397790612
"182" 0.509555610111505 0.286116359155518 0.0124250344662242 -0.0620502505252573 0.848649909903826
"183" 30.7664300183607 2.19375562506752 1.84941306237494 1.29653522632277 0.135491183809716
"184" 27.5227086177926 2.85348530096488 1.92701182832325 1.51232108136387 1.61046077891609
"185" 16.3429127724892 0.566493971929152 -1.56905233027518 -2.27953941907623 -0.844223166741337
"186" 9.66127663297834 0.238313713403341 -0.22176558061086 -0.616308518968798 -0.0545899926450627
"187" -5.58420045199054 -0.148814202417404 -0.569446089636834 -0.463202731879863 0.358070281368949
"188" 10.4382783248869 0.449143726920343 1.31238845854598 1.07577917374019 0.404867139680085
"189" -5.05217334334897 1.84781029774359 1.00801360435085 1.59311986741645 2.09171426800974
"190" -10.5280790104012 -1.56515937898294 -0.688325887635165 -0.621681117084959 -0.970988124125016
"191" 13.3780530437146 1.01570322041536 -0.338161919818689 -0.73920092331646 0.613033554340465
"192" -9.57760224406665 -0.222607378543082 -1.06235378230151 -0.850323571777714 0.0281848970494152
"193" -21.5057888743231 -1.58934995370357 -1.64609880156583 -1.28796814757636 -0.119447404973411
"194" 12.3982412929395 1.13793479807976 0.065731589584919 -0.220632189005981 0.435991930186824
"195" 10.8604831549716 0.434730863443481 -0.39987366118848 -0.826758392624488 -0.327656692825042
"196" 27.391789092507 2.13299313010026 1.03410296410426 0.319633685067485 1.42374820006927
"197" -5.87572174816962 -0.123464233697736 0.0226375863210252 0.280240527714468 -0.185727489208215
"198" 21.8658938344406 0.690519944555425 0.733544241775193 0.0741449571189219 -0.490262745277337
"199" 6.11216889618842 0.0993597273831748 -0.422882495024543 -0.709933484329455 -0.125094062187074
"200" -17.5011726916386 -0.666352130603971 -0.642857020011375 -0.163042643740041 0.386959917667849
"201" -11.2096282357619 0.0334912383867948 -1.36537825514953 -1.14670264579295 0.72329682405442
"202" 3.55666533838073 -0.342034444836635 -0.406456765407218 -0.671236288243929 -0.494732381751797
"203" 0.977001622279809 1.01373701761622 1.21853813175988 1.47393681346539 1.28812495761689
"204" 35.2924695529351 1.6768068312429 1.75252691009165 0.803964566600958 0.880862966568386
"205" 3.75190783959189 0.869156787886677 -0.00843983320726793 -0.069727889980315 1.21507326810876
"206" -2.12161747021933 0.499244595663401 -0.173774802994965 -0.0153409135572479 0.370731210742175
"207" -9.75499945905591 -1.24977980949275 -1.70679061890758 -1.70431273456367 -1.09698975726646
"208" 2.6352779916467 -0.234709230000036 0.13479608905672 0.0187958203066056 -0.307185856527457
"209" -24.3046118228471 0.0525384649384522 -0.897076133821745 0.00109374623568827 1.01358668213705
"210" -15.5943764254539 -0.67624633540199 -0.53910028033558 -0.0213148591229353 -0.739268388310848
"211" -7.43803199216687 -2.10012977065366 -0.777489845728073 -0.963963284708901 -1.61832360418129
"212" 32.7434514890292 -0.25161754341193 -0.196679782201598 -1.62838705850964 -1.48349014494149
"213" 6.97531337847774 -0.733647427651994 0.0398698288970758 -0.336515220341397 -0.795495539820934
"214" -8.10562795746943 -0.488123471807698 -0.822930881618691 -0.631754519519062 -0.37697503093807
"215" -8.33946832884931 -0.307951106733254 -0.260516109078587 0.0193504787092813 -0.210879055814633
"216" 8.37449223598619 1.141937093027 0.263400013005328 0.0136181972829863 1.96713491951631
"217" 24.7574080845242 0.84109855155342 0.891262024832091 0.0833046292486651 0.260232286431587
"218" -1.56541148949065 -0.774642066442121 0.0500285189088275 -0.105777059381399 -0.0300639682757304
"219" 16.6117932627264 0.696874739492371 0.913860038790591 0.475304634779384 -0.166263614949976
"220" -10.2744056863809 -0.965328976135121 -0.791800633201897 -0.60633929210565 -0.734599474649907
"221" -4.86157246864337 0.108342664926931 -0.0987377153106914 0.0941304534315177 0.49326763929109
"222" 21.3590947702576 -0.165517850294876 -0.200054609468702 -1.065471467266 -0.919502151911292
"223" -5.94533435764693 0.427973195975158 -1.6828372034576 -1.56725778941902 0.423889712446458
"224" -1.39918680138281 -1.3771512764526 -1.56618515343944 -1.94668169944936 -1.27123960291931
"225" 15.7014532927043 0.688368519982574 0.805847310286009 0.43397730990874 0.00158285194238528
"226" 11.5519917608911 1.05713894895704 0.585220579466335 0.387358371110512 0.684003963703512
"227" -3.5927844311526 -0.699159210327899 -0.145134051615923 -0.156521525350239 -0.505773041486465
"228" -10.7942121590837 -0.725780536502887 0.44465228551168 0.769052972980897 0.110969775491832
"229" 0.0487402734790002 0.397010893814137 -0.373192321735389 -0.305640835395403 0.09726746480159
"230" -15.0139098786424 -2.34680842969036 -1.10198255460323 -1.00590143387493 -2.21986898407098
"231" 11.1688511945623 -0.0735308609715973 0.111866970388213 -0.319610766518375 -0.515670978648898
"232" 10.6985422955316 0.54673834734014 1.09439744235106 0.906364010950856 -0.0662159630560023
"233" -6.75320849183222 1.80345083240408 0.683359587976539 1.29218050169639 2.65473370973146
"234" -0.702209878956894 -0.176237552794286 0.201269311623519 0.283271529339908 -0.516971246233553
"235" -3.82804769175445 -1.35249437332389 -1.17516288798494 -1.4103913386597 -1.23096355914945
"236" -19.5771156132 -0.158932361620715 -2.82178145406711 -2.36640299354892 0.046925627782886
"237" 3.81162172945815 0.213630485408129 -0.765363420096642 -0.886501869789725 -0.89146848344388
"238" -5.48687216415664 -1.74101731197323 0.780223789793284 0.832393445368321 -1.49706000210651
"239" -19.3014299267275 -1.80568042046351 -1.85360617693069 -1.55777804717791 -1.50652563715259
"240" -18.1639960623127 -0.467230004779989 -1.51937614535476 -1.1086786637755 0.335617679727889
"241" -18.4276461588694 -0.125365629753336 0.165332830515045 0.887960816313054 1.42430647100591
"242" -15.9680917925592 -1.59415430971663 -1.72189340193351 -1.49081423626298 -1.66512985793796
"243" 2.23081424062247 -1.4928595391995 -0.820685467889228 -1.22590000553473 -1.96449880491652
"244" 9.13409641153948 1.94623035793111 0.273514602866821 0.23562962603916 1.88308747110222
"245" -7.19392526157175 0.943487688679075 0.337355965564154 0.792790071304438 1.47569532982408
"246" -6.43814441742043 0.0158547707785499 -0.939649997612089 -0.794361831754585 0.260031074469236
"247" 10.0748784058364 0.912920750637355 1.13573358719399 0.98423909368718 0.834694640028632
"248" -11.9550008492237 -1.18891588278386 -0.29322998963725 -0.0622500177068743 -0.582416083809364
"249" -9.77780934616442 -1.075940663645 -0.577237993059957 -0.404206124581338 -1.04741741119237
"250" 14.7514731793458 0.65370348883047 0.73529822644685 0.302310037328425 0.472646648008345
"251" -11.7103593305317 -0.740702469535707 -0.889664971720149 -0.593982862599071 -0.715565728874276
"252" -0.473211733771995 -0.175307330874233 0.300079554322162 0.381515733367211 -0.110917549235849
"253" 8.70496034302458 -1.40949209821255 -1.44997366596549 -2.1697901942936 -2.05613276296862
"254" 1.87781650894336 1.20127735277745 1.576864650731 1.83618744449248 1.85747956697781
"255" 11.8286970796191 1.11514239560813 1.44782331321752 1.34093530399725 0.100039037907351
"256" 9.81281923387589 -0.0147390256500865 1.10292845323707 0.767237928155877 0.345830566143424
"257" 7.93913873934236 0.404605409866001 0.654789399601005 0.422819309385047 0.760500241962032
"258" -10.11448147156 -0.803377562414556 -1.62064684150539 -1.51061689364321 -0.705401969416217
"259" 16.879760958556 0.76898945359975 0.128646486866672 -0.438226991145129 -0.29460339562953
"260" -18.5361335226356 -0.446114842628895 -0.640712783238485 -0.0549561962602586 0.16885300861812
"261" 17.9675019291217 0.924023187539986 0.349777700969446 -0.220771347871257 0.385968041282108
"262" 25.7872816073137 1.57706717347642 0.663698315697648 0.0160066217869888 0.0655993628258368
"263" 7.36333861566216 0.712170820113605 -0.497753356116964 -0.755136910595574 0.555630207150708
"264" -6.99827392685947 -0.225992750163335 1.37913527216607 1.76473267616037 0.603161026653318
"265" 5.71713079628295 0.232344584159903 -0.264667525960873 -0.434401392559144 -0.589683726490724
"266" 16.698523062394 0.395085194472828 -0.250967191761659 -0.959822282460032 0.104306354004324
"267" -20.3221813907717 -2.2822569133218 -2.82811093626769 -2.69041491042463 -2.14608699652299
"268" -0.722177911819861 -1.00807569726212 -0.679063646062981 -0.919679552649765 -0.976738431264914
"269" -3.29205938052787 -0.345157168825701 -0.152679170501253 -0.175813712234155 0.407606008640014
"270" 9.42935533770488 0.487352536603774 0.140428551017247 -0.14128987304178 0.0216690621864866
"271" 6.39536860550884 1.00417376525626 1.45370643557658 1.4563024733189 1.69171739224875
"272" -26.4443551367314 -1.67875477637121 -0.415858476884434 0.269576133358 -0.0625478367413378
"273" -23.307876767176 -3.17342474352489 -2.77251303583403 -2.75113513952968 -1.94617912646116
"274" -13.622088911226 -1.59139247752116 -1.41775575491718 -1.26069971782404 -1.51811217399358
"275" 11.1581024872944 1.14551871985513 0.744520640193422 0.584372642368801 0.857164574052884
"276" -11.2945357263493 -0.104586110715792 -1.01853597948254 -0.749932651360138 0.75673795114509
"277" -18.9857384117912 0.155890264829292 -0.104411080781541 0.653322403280888 1.07941425436153
"278" 17.1186866773902 0.606856811010586 0.556481361997471 0.0324212009067762 0.217159971094209
"279" 13.3763674964668 0.0763565392448663 1.65782110066517 1.32678622867258 0.0592193169842448
"280" 19.0026132033303 0.390674302500956 1.37806344442655 0.787767050788202 0.659771114802964
"281" 3.64599865030293 -0.231045913027582 -0.0686598339735742 -0.160296622940858 -0.688900174179179
"282" 1.076940662126 0.792994054599462 0.329912448628035 0.41742654133235 1.14355304219103
"283" 10.5453752126277 0.666670344728063 1.89252120143668 1.74621369417779 0.891117187316601
"284" 3.99327540401456 -0.385397075812996 0.435038315920628 0.258057885554529 -0.361494054400263
"285" 16.4119109530345 1.31358307474124 1.39537048836562 1.0753321095723 1.14094039149942
"286" 14.8544458535373 -0.36827925928665 0.655755388955891 0.0705627275403083 -0.641477150076255
"287" -9.58392725628976 -0.542931614320271 -0.149372738461159 0.18433906479689 -0.483279159795842
"288" -0.447414714558352 -0.00207641586766271 0.156292777423361 0.20637890028055 0.00866027504272034
"289" -27.3188301767078 -0.746962512297404 -0.991748477649481 -0.0747705401716664 0.118456891453462
"290" -16.8915601752104 -1.46825910137459 -2.52827396120022 -2.32817711618019 -1.8091220254134
"291" 10.7232000513024 1.27455539354083 2.81058340197798 2.85514929188542 2.06606161154123
"292" 9.97287932808315 1.65219527348625 1.04452760452785 1.01476857269351 1.78028390191575
"293" 10.0288977645799 1.09294275579907 1.44653283088713 1.3576821062372 1.18569160823928
"294" -6.72419630283468 0.888565825740832 0.544045390968557 1.06408946491687 0.704029584012114
"295" -10.367882814047 -0.120869169335897 -0.450366122519373 -0.0821383371291063 -0.057151929895371
"296" -1.53891416613892 0.599299163099509 0.441366047458627 0.622392310036562 0.924355512286361
"297" 29.6732910702295 1.33184121305858 1.42273778843348 0.632901004665577 0.371826377636691
"298" -7.66939537768703 -0.320649521335279 -0.574912004853289 -0.351402264122026 -0.480321533351275
"299" -14.3316266345576 0.976810170181916 -0.211141884884035 0.542806333581776 1.35482380664172
"300" -38.717781253195 -1.77036451260874 -2.5747615052098 -1.62175432712855 -0.204680210779578
"301" -21.4816119453773 -0.508285662397054 0.250694069778383 1.01801540126534 0.921755507950472
"302" 11.4241676426647 -0.279196655627644 0.411652198958928 -0.0338782458965293 -1.04169840214422
"303" -18.9910266438945 -1.2451375903312 -1.74089064894862 -1.33122113094215 -1.35406379344599
"304" -8.78888170420397 -1.26957905000777 -0.474932068493639 -0.358129147255358 -1.17931856245089
"305" -5.39672441187272 1.15213119070343 -0.494000179058401 -0.0779803215204427 0.675160525016433
"306" -10.8384646666793 -0.451747110247445 -2.26228382810207 -2.22549465858321 0.249608266700261
"307" 12.9913850007727 1.12284639662077 1.15612061404805 0.973248917843665 0.739799033070135
"308" -8.43967897906515 -0.894351090280573 -0.601091930121525 -0.403159615338239 -1.544483011614
"309" -8.4401468877478 0.882790754777264 -0.165295779322536 0.305677398616662 1.30402892598747
"310" 22.9445103048255 0.892297501779305 0.477592459171943 -0.276510998384865 0.416771832625633
"311" -14.7294847352619 -1.2005337056833 -0.882725274586364 -0.572036217850726 -0.812581874504583
"312" 17.1810653918836 1.47039139300126 1.46023803972866 1.18019168363304 1.13044698307676
"313" 1.49559666922813 0.583514842216555 1.04139077388401 1.19126269831317 0.827594619568977
"314" -2.48242193372706 0.0171469294302904 -0.796309112624652 -0.750172837972563 -0.216663611858094
"315" -0.119326214498953 -0.487910742787748 -0.5196315038383 -0.672381154738238 -0.394746128385531
"316" -24.2899967314122 -0.701923224109452 0.90674093355141 1.84808129048367 0.920598625560595
"317" -17.1506734710652 -0.333277441075565 -0.32924753920353 0.261969517809725 0.544545135295981
"318" -1.51206287481423 0.303992609029071 -0.246080592873034 -0.258589148533371 1.35419121906592
"319" -19.9560446509823 -1.02562424713906 -1.52429701898326 -1.04829746136945 -0.518391067267317
"320" -13.9736132564865 -0.0186824532018848 -1.23452318437659 -0.799548280807977 0.169434742466673
"321" 6.63920110295127 2.56936235157398 1.62405313953892 1.94018866463473 2.67806448815485
"322" -11.9683319935709 -0.220928438420108 -0.970093957181994 -0.658381952342147 0.618797533661552
"323" -2.86305708748033 0.640871905259536 0.829593596643967 1.0840909573058 1.3281019683776
"324" -9.61653708009933 -0.229244742350085 0.70854240990608 1.16987870208392 0.208223059249554
"325" 4.94401917360923 0.240980119856033 0.739394368062656 0.66680606190382 0.339464812930011
"326" 11.2659731113022 1.20179621920529 1.7175382323566 1.67679919428089 1.00962468470845
"327" 0.0154638881869135 1.09464179426916 0.63063067656722 0.876538941125775 1.3285447664301
"328" 11.0602534772239 -0.160428445522187 0.786115628155856 0.350669760293084 0.160618319032264
"329" -5.48236806311946 -0.446238218889028 -0.324215114681584 -0.190548229819919 -0.629974562661449
"330" -0.697264474835832 -0.432882798725242 0.521984585089501 0.559356300449526 -0.077445937919494
"331" -3.90338910626343 -0.333544677739459 0.475060987534014 0.695472515554034 -0.418457401040764
"332" -11.3222810901655 -2.24065231266528 -1.68048290275854 -1.73614197176031 -2.55396717260202
"333" 11.5565130482604 1.7681710224789 0.475836147056527 0.380661355149876 1.1374897707169
"334" 8.40189178051853 -0.639131781140099 -0.596970032198514 -1.03978461753939 -1.48047800467262
"335" -6.57996433902569 -0.427760508087378 -0.734448204059089 -0.599469674115436 -0.751498694256366
"336" -23.2102694439568 -1.53833354414606 -1.02882389196242 -0.491657180445585 -0.199116629938814
"337" -7.91523457423172 -0.797596880019261 -0.978045149771218 -0.93905300944253 -0.303908505419718
"338" -12.43592308583 -0.27147118288551 -0.757420489280598 -0.436758812137417 0.184672219704372
"339" -17.6405837741105 -1.25326828348699 0.120528514228115 0.696533447406662 -1.10726095724351
"340" -24.8264343983134 -0.774177334643071 -0.6884477574854 0.139461464081777 -0.472075656294503
"341" 12.8556113286421 -0.101036842767688 0.0584280778383399 -0.477162864036065 -0.873887430750892
"342" -7.20142969085713 0.74459504061346 0.228135993120168 0.65587920585566 1.10148554061128
"343" 10.5073117545408 1.01050001340735 1.23339331216787 1.08691245642575 0.815128035485114
"344" 10.8942419442143 0.423481109847544 0.498043434719605 0.222737434726813 -0.373038377024199
"345" -5.74650397009925 0.463646966334149 0.233817462810243 0.592175619005706 0.34703136002162
"346" -27.2277055621315 -0.410336670750924 -0.641449499489698 0.341060664862226 0.216489493164934
"347" 10.4878400045947 0.524089509023881 0.8062517905655 0.577971997895806 0.35035084078933
"348" 26.6387175640451 0.44921115975808 0.603508977652915 -0.320944857624794 -0.906326585721252
"349" -15.0170749655077 -0.145278523498976 -0.682266789912813 -0.121531545522333 -0.424196849450582
"350" -32.9542583985874 -0.839375943651851 -1.91451014219647 -0.927677979776288 -0.115989988307999
"351" 6.97340797898594 1.54432610274188 0.902866825004638 0.989916554519809 1.18247093330443
"352" 8.83403812280731 1.17683786005448 0.712773067816472 0.648697639620798 0.36146967669295
"353" 5.90753407582021 -0.171025772649767 0.970356561572535 0.762521609467883 -0.232013437777938
"354" -13.7654514004912 -1.00210683784403 0.444092943917643 0.885384653862153 -0.0320308991186837
"355" 5.0253043508957 -0.469093316574096 0.140720610985469 -0.12978749674723 -0.777913716374835
"356" -2.43467385697085 -0.187361481514656 -0.966550322555547 -1.01279006784234 -0.399154815467318
"357" -25.260347317204 -0.918660440982497 0.341480699325619 1.19584702000993 0.444998184068699
"358" -13.7822963868798 -1.94408518488022 -0.345949551067129 -0.111115312257472 -1.8124020999323
"359" -27.7108001357617 -1.55823688551847 -1.28575163365338 -0.512803112680379 -1.53389266962332
"360" -8.426097864246 -2.08030198355466 -0.722385819431082 -0.720831524348202 -2.44366921434257
"361" 3.98422501485383 0.736500981923913 1.33425681992451 1.39468240168804 0.755372407663129
"362" 4.82432718395031 -0.129985585865473 1.73037169059279 1.62173324340425 0.534037786392577
"363" 18.6022141814919 1.25311258372336 1.2067417914713 0.768485194213949 0.801272790391529
"364" -18.4675653109974 1.21023414009274 0.479780091911655 1.45636755275504 1.96368310263365
"365" 18.7111421107729 0.869150779930769 -0.26697889207286 -0.864165275826148 -0.630264588984315
"366" -24.8418830237166 -2.33888226273105 -1.56164021724507 -1.18205784161386 -1.35970711412244
"367" 22.1735584442454 0.915326649301722 1.66846411925025 1.18811654164748 -0.350253811343978
"368" 16.5936584490317 1.06951062725998 1.46875884692126 1.06859308178924 1.26781827608384
"369" 9.23082394033381 -0.0287928315861113 -0.656167700242524 -1.06656552266732 -0.803593778728973
"370" -29.7563593676506 -1.09741552907935 -0.948139490606738 -0.0814498369717004 0.190301543113842
"371" -7.46720878404985 -0.730831751404286 0.188618421265957 0.324368460278334 0.293801365158776
"372" 5.72350428999379 0.771398419755113 0.724722302942547 0.69544770014387 0.89580455263623
"373" -3.46405143906552 -0.0224395366429231 -1.1179242819631 -1.10687307109209 0.184367806646341
"374" -12.8696609340421 -1.36838048160694 -1.16729002898269 -0.949120422400171 -1.62158136141815
"375" 4.20862491321973 0.58643026999369 2.45011123787268 2.68458957991454 0.703037260003838
"376" -10.8580802831053 0.0230840136976832 -0.446423395823634 -0.0776039458477364 0.639293605769405
"377" 6.20858787250102 -0.163104796323194 -1.14485432672265 -1.57814006894579 -0.431056700031946
"378" 8.18347526619861 1.4628140173391 1.40200324365996 1.42995008572758 1.82726047244105
"379" 2.4106858011967 0.515281516237792 0.922899865619354 0.954016254415789 0.671903521973591
"380" 8.6652639064879 0.540890051922054 0.775725676816715 0.621384060531875 0.138674371666445
"381" -6.67671053032356 -0.532187554685318 0.103228334774815 0.294390982504498 -0.112012251395381
"382" -8.91858696598173 -0.771956994740899 -0.523439057197965 -0.304010113262469 -0.606698133799491
"383" 6.8471853665558 1.87470850881916 0.368466622641064 0.326784128545758 2.47121578255608
"384" -31.194947166795 -1.28521727395137 -1.84958824084398 -0.940391952118345 -0.797857770871632
"385" -20.3797596776297 -0.997464775542322 -1.12958792402904 -0.562662608749436 -0.686467847059292
"386" -9.27169987724114 0.126573281204419 0.447226625388136 0.871472099866683 1.12767082177508
"387" -1.37736206412208 0.483745021421973 -0.384282473957954 -0.266342849012165 0.355667507135962
"388" -26.3653892394387 -0.917011788632222 -0.481112191334874 0.304858784255551 0.435521236085943
"389" 10.1894117618568 -0.0710338661845457 -0.434521280371361 -0.929177917688094 -0.696989065436987
"390" 4.41948843129227 -0.652414650370167 -1.54845065682983 -1.9833615812776 -1.16145765554345
"391" 5.01773789974939 0.286803896752636 -0.626086741242467 -0.902898133214541 0.465515320947695
"392" -8.99534242618727 -0.378581417225468 -0.0780464979593183 0.103005123963296 0.872819185034734
"393" -12.2958165840772 -0.356713532576533 -0.0783150852354458 0.311562612584176 0.643995401544508
"394" 7.14152528396866 -1.68467685520249 -1.91996025729419 -2.70370246118287 -2.13494242129279
"395" -1.07936043594448 0.0855717572039808 0.177028699868441 0.23243126618643 0.282818170120451
"396" -18.0826882802207 -1.15486134760143 -1.25114044103658 -0.918656935961584 0.112911387321838
"397" 4.87546805538813 2.11865038973997 0.934562914048093 1.16546915698777 2.33272344540243
"398" -2.14650114170834 -0.317931789918484 0.158277903520888 0.138954733911502 0.358870393142444
"399" 9.9948577058634 0.0384642565941806 0.593684490370141 0.277009224045083 -0.434028689891744
"400" -20.8438057139589 -0.816892346855589 -1.35312878298465 -0.809200050142537 -0.446246333734961
"401" 12.598965027872 -0.288673044406444 -1.40547096398708 -2.18564124273379 -0.402382259715654
"402" -18.6826107739682 -1.0532681725274 -1.02470953454179 -0.557636558258975 -0.35192706531463
"403" 17.0110329423943 1.67608495870607 1.07644725257661 0.752879250307898 1.25044730450309
"404" -13.1301199333977 -1.17023948740309 -1.35794625266869 -1.19978372097813 -0.756692780679485
"405" -3.89885610071851 -0.361481496001893 -0.460966690661562 -0.425721757880474 -0.0300795543392657
"406" 25.5626311050579 2.30894584351088 2.07572139222499 1.6640370811866 1.65245371794286
"407" 12.1561448191756 1.76971578667512 1.36980371116255 1.32871792594766 1.58541417012316
"408" -17.0918321418383 -0.547804243786631 -0.892906263315321 -0.388140193360603 0.0625573878064494
"409" -6.43209243549473 -0.151864276577295 -0.677612561990321 -0.447795148271176 -0.484477241351446
"410" -1.35514458479095 0.956223396110437 -0.18451875241452 0.0212720257607355 0.739793068242709
"411" 0.88265158600622 0.143545480024637 0.603667022002343 0.618850023598036 0.261511799689322
"412" 5.96851200009237 0.0819195080023599 -0.684332612532402 -1.00732981600885 -0.105748399498493
"413" -3.47483308256651 0.727965046226067 0.212599263517992 0.553441683302111 0.602265446428383
"414" -7.41928705546961 -0.555238668402928 -0.991503495768704 -0.896317219485691 -0.530392972588171
"415" -1.90967097816255 -0.532153713499662 -0.553575100229637 -0.651351239584027 -0.622822055726725
"416" 7.88805726948689 0.955577101954464 -0.228949503167942 -0.485941107694265 1.18516728549593
"417" -4.44620275541924 0.362806978038635 0.29568664797579 0.572426315121927 0.638007093368298
"418" 9.68767826268466 0.499478274462332 1.31858131975189 1.20631424648351 -0.159448721961768
"419" -2.02831072687415 0.294083964875125 0.27602769842533 0.425755044952454 0.506958505198067
"420" 18.0916905714515 0.914142436540792 0.616691404261855 0.20880619455359 -0.404941623117464
"421" -12.3316625854574 -0.893470869464251 0.401867984992219 0.804685509602193 -0.205820907009138
"422" 17.5530517675317 1.10954708933922 0.794629173846742 0.298602402833852 0.940400946868199
"423" 4.19111449620964 -0.861114327212425 -0.143829106909649 -0.530610538731068 -0.42780553357745
"424" 12.2391792814665 1.02295100583352 0.763334617011284 0.543047022033895 0.726833051146034
"425" 9.62860393601011 0.348657094242262 1.39770303802779 1.26754402116608 0.151807671614495
"426" 7.85684764508314 1.10912146149637 -0.184926418151943 -0.327205572255228 0.340486322948622
"427" 1.18160675641752 0.580309283821913 1.80344907759423 2.03250246955526 1.0209096975306
"428" 35.8822314565827 0.243056939777825 0.618245177859824 -0.757432293912779 -1.0715519689999
"429" 9.69589051485836 0.405331331716324 1.60949433022521 1.4616622981073 0.516092768976479
"430" -13.0977211869772 0.238539766003566 0.978527567156288 1.62556544540198 1.35285915992356
"431" 0.138457946337843 -0.530979915276232 -1.63338591550346 -1.94378752069774 -0.815765184808852
"432" 7.62990172309427 0.244940344711256 0.557267822804269 0.352178289908718 -0.152314128245435
"433" 13.1592893957681 1.6378221845621 1.96944085294984 1.92272453863898 1.36035939588705
"434" 14.7511337799475 0.620916574612488 1.48147073727535 1.08017933634715 0.808525848597517
"435" 14.2784878954703 -1.63850437113128 0.432769835839474 -0.404531480742498 -1.49584474677549
"436" 7.56388130186642 -0.260300434237277 -0.347602405898232 -0.702428840018864 -0.736961813267948
"437" 7.72390737963384 0.485455618114908 -0.61856809089318 -0.949607468096731 0.597362252602172
"438" -24.3012586318055 -1.91386952043992 -1.61500287451108 -1.15175983893288 -0.74959782679297
"439" -4.30316940960178 1.09864317181718 1.8511570444652 2.36521439186167 1.85909397440484
"440" -10.8042610248095 -1.30577106693386 -1.06193249658324 -0.967754929934868 -1.1364338772825
"441" 10.9288175886849 1.41346859818481 0.200890176355131 0.00741704394685894 1.28906549245984
"442" 8.83321833428687 1.35133983111696 1.32315110832242 1.38939683389346 0.963690400066007
"443" -8.34783780707685 0.0799110488828161 -0.564303469431233 -0.217316605482514 -0.114386456644666
"444" 4.43035214169532 1.20328214985284 0.745716242131165 0.885241536314433 0.872503018806557
"445" -13.6409696217498 -0.310022438006263 1.41782206079974 1.96727148120469 1.57552622861422
"446" -22.3227512729599 -1.06325554849054 -0.285487146547715 0.397680944333837 -0.142625390715324
"447" -7.66250523285365 0.133025540233987 -0.0825863374957302 0.193638643504638 0.571201279051276
"448" 7.7450670558703 0.453487962214488 0.756891978890198 0.664924023881841 0.00695108441524006
"449" 20.3091524199863 0.745561040554988 0.269808955425902 -0.366721005699186 -0.664431875564749
"450" 26.2742759534217 1.94128774755315 1.96541677102629 1.45820987242652 1.04677864718859
"451" -4.26960817500059 -2.16851802936505 -2.05980133200233 -2.47325851895924 -2.40552309677532
"452" 7.32861543261878 -0.896590552676461 -1.67500142056547 -2.23928180068366 -2.09248041619589
"453" 14.6173408655538 0.650469011567378 1.33933270005594 1.04904996860884 0.306245805578947
"454" 4.11431316371994 -0.798357862294981 0.184279470522561 -0.0380324757367134 -1.2614620207217
"455" 15.2224985447107 1.88389475102007 1.63218682451637 1.55685035802165 1.04357461364184
"456" 24.4069063624634 0.11911460671131 -0.108501618779151 -1.08183433150431 -0.985374681963369
"457" -5.52569425536183 0.301780560650966 0.979582611042445 1.32113510731552 1.15177080744167
"458" -8.09553123761195 0.282077089772801 0.222747033720951 0.564677307714707 0.940905051001418
"459" 14.9467479787281 1.32854169219396 1.89943416745181 1.69584806802444 1.13306659205683
"460" 5.22132906321016 0.710435567933985 0.177273203332174 0.128704284975146 0.456312705030045
"461" -13.1568628826679 -1.90686651469781 -0.663909581674535 -0.479843442578739 -1.80824196610814
"462" -13.8738305070868 -1.05749885364743 -1.32134656932638 -1.05907649024207 -1.24859818315133
"463" -20.2541984118679 -0.659399257649804 0.671298323696399 1.44774331633955 0.864163876310723
"464" -17.4153517813351 -0.842955502247304 -1.5465636297563 -1.12801962085678 -0.897971753936702
"465" -23.8947681635577 -0.678730248512978 -0.854579511398303 -0.0764769951445171 0.140712791101808
"466" -6.29373807067996 -0.376763144619791 1.56183357648496 1.93536516471323 0.400848061023514
"467" -10.9150436334416 -0.726932224762336 -0.475623353302215 -0.209329298607714 -0.554156836831184
"468" -0.836217449918558 0.429492382048664 0.495785975944213 0.682587119894251 0.141031042212388
"469" -5.80416246936912 0.216140329944135 0.0508694978380209 0.275796686713283 0.679458223193358
"470" -6.17989031856228 -0.96212407178198 -1.25057601304747 -1.27159512836442 -1.04126891434312
"471" -10.9402816950172 -0.105282511217424 0.231051650628135 0.670000586949838 0.510651866913345
"472" 5.0141114226874 0.186874100396456 0.716279803272463 0.691137912085619 -0.771909326885106
"473" -0.847008724948585 -0.106291069146487 0.172294873912861 0.196905407919144 -0.0209226424978353
"474" -6.60962082563175 -1.45857410137632 -1.30205711766254 -1.45727279397265 -1.26633186836718
"475" 3.14617581319477 0.180094541030498 0.31945655116863 0.314341022828893 -0.232562326046315
"476" -2.20197395551629 -0.303359305764243 0.351332238454602 0.426427119223575 -0.579564820640796
"477" -19.6576659376518 -0.198981477793193 -0.259352160149476 0.519153493757734 -0.00628598342000797
"478" -19.7174565734249 -1.66138292697993 -0.55430094453437 -0.115914064942685 -0.85054239089733
"479" -3.3206761903192 0.331386248230511 -0.341502140884657 -0.225262209928241 0.522325278959009
"480" -4.79473406157647 0.274247043756589 -0.649922552918168 -0.408439411297958 -0.306521318890532
"481" 22.7744356622877 0.868260994231077 0.951709969756636 0.274571223981778 0.0929350490481154
"482" 16.9413699940739 1.42932949812209 0.0371805798643005 -0.348352848958156 0.148334092291683
"483" 5.71358242854305 0.811571158225464 -0.0666992650419106 -0.197014541267924 0.889098499985582
"484" 10.5034791790388 0.102889180325683 -0.185482048306649 -0.606909420531056 -0.179727596866453
"485" 4.63588601178344 -0.0566959346946575 0.00128273786427858 -0.210233258635879 -0.397688633175597
"486" -2.96632918965076 -0.304518845289642 -0.791814642607397 -0.800929856393585 0.00707235056322392
"487" 12.394921096887 -0.987783012180981 -0.818424698902684 -1.59784514038801 -1.38115090121587
"488" -5.51104654673279 0.0390982988947268 0.189714788140579 0.49759366118662 -0.123674482578522
"489" -3.84157486325764 -0.461179289234439 -1.32254917002554 -1.40578764341605 -0.355730245051493
"490" 12.5744574811874 1.07692625281789 1.59868162110811 1.35244368735944 1.3365191920762
"491" 4.2450486875413 0.832346650932306 1.32262621748383 1.42666339094597 1.06514776158377
"492" -11.3387317656517 -0.743099859236044 -0.149261831548702 0.196085026591858 -0.422958603057312
"493" 5.53305591254373 0.953449194419414 0.326584372244808 0.268346782315968 1.42843629952237
"494" -14.0122234890231 0.265515621097714 -0.435859049720123 0.142451255352367 0.230776687561025
"495" 0.21222353099627 0.278124697786953 1.44460652255119 1.65179139816817 0.57919769974413
"496" 25.9097195238937 1.17506273280826 0.261785539295378 -0.572520094746645 0.0641664969203289
"497" -10.9554820497335 -0.147357442536905 -0.363405170808204 0.0111585993968605 0.249229610713698
"498" 22.4281960009763 -0.932102646463789 -0.705531327710706 -1.93552692005093 -1.05546823265866
"499" -6.11904955604308 -0.446299344151374 0.789854700150588 1.03491039913428 -0.0226623063700166
"500" -1.57336694763389 -1.25555821291521 -0.0176915463733327 -0.160164909644346 -1.28346771372817
"501" 1.63759207769958 0.856542047551251 0.49382589168412 0.615707719471977 1.02478551314143
"502" 3.38941914093741 -1.07854649472272 -1.71249781746345 -2.14906084322028 -2.03952030021103
"503" 10.1183465238647 0.229610250794405 0.0107552953567145 -0.424708689837934 0.23082942443082
"504" -5.22669655163783 0.911212917123464 1.61671447222892 2.19015680434496 1.08496486063516
"505" 18.4309467649916 0.332874448414017 -0.864538973680746 -1.66053091093074 -0.655720342922736
"506" -1.57861151921478 0.124975512209606 1.37147441083919 1.57658138923329 0.692241766476075
"507" -6.09816615606454 -0.944665731777998 -0.29555691985657 -0.240066098651717 -0.642344316847098
"508" 19.2595146296147 -0.438424602809229 0.0821766668880037 -0.708684688471162 -1.4548695432209
"509" -19.3009234386875 -0.833206810388023 -1.33415080021283 -0.814345943348482 -0.321343746608933
"510" -17.3147144296161 -1.4066223739569 -1.94838227198217 -1.74173521345373 -0.798349919338748
"511" 10.7807809695329 0.706304689769458 1.23195808372924 1.03310036419801 0.594410298729316
"512" 6.89969583031715 0.272213328496645 1.20285341903534 1.15782099009336 -0.261941303283247
"513" -1.64062737187457 -0.199107001405315 0.449549982370081 0.527634810631489 0.306857731671574
"514" -14.8621609443518 -0.613436227305889 -0.273160558580994 0.215999064463469 0.214858959784365
"515" -8.74427013334583 -1.59840752181864 -1.19122492193685 -1.22724891495092 -1.24239311662483
"516" 11.2248742658602 0.0419689929281112 0.739833286522495 0.366436814137763 0.0214172058304934
"517" -17.0750789352736 -0.238928159904534 0.16903592973582 0.825342846591442 0.469555515294886
"518" -25.9667296534192 -0.51665707372463 -1.61469610570501 -0.791461412109682 -0.0508631429461459
"519" -17.9666298876798 -2.24434704967619 -2.08114149359327 -1.93148364346199 -2.11198943924249
"520" -6.65201539768968 -0.61345787209116 -0.400161969366349 -0.27785587096237 -0.69731720092451
"521" -21.8809258399152 -1.7834111526013 -0.424820629903525 0.229496609162318 -1.40665708126496
"522" -12.7673827122712 -1.04791176505306 -1.40148733181203 -1.16210482927407 -1.54504553176726
"523" 8.71775223625185 -0.0781860146369425 1.63113387968642 1.43794084262257 0.486910918867458
"524" 23.0891226773655 0.798529635508762 0.676063907867302 -0.108405093996048 0.179534179958063
"525" 0.172508793921426 -2.34200940523849 -1.54550329818236 -2.07860971507927 -3.13966806666281
"526" -14.3396170279848 -0.569883034146146 -0.586164436248893 -0.192311563372071 0.259032836197654
"527" 10.8117724338256 0.850732228316999 0.202110523492837 -0.0903969862705656 0.713158676870347
"528" -14.1490185206579 -0.695845583409728 -0.464149502520844 -0.092222977821415 -0.157217772386216
"529" -21.9918162076677 -1.25418771896516 -0.632619521448887 -0.00924908577284944 -0.701690241050551
"530" 2.88332348785243 -0.456887915931542 -1.42767362392026 -1.71629745063341 -1.25690409710103
"531" 17.7412240804353 0.857807651180122 -0.227644235455948 -0.85802133087558 0.385415163002713
"532" 19.3708822231898 0.553066453869516 0.531185560561741 -0.0627254956797516 -0.815693618333184
"533" -16.8171611502791 -1.77135076024526 -0.587515700139773 -0.315031490150614 -1.01680135735007
"534" 14.357544312281 1.12783073630186 1.79689889911597 1.570073426312 1.12442212064459
"535" 5.23675145106888 0.713108462068642 1.50934254585766 1.58898359973356 0.678695408394293
"536" 25.9870847095926 1.01413527942093 0.320017052399469 -0.552084840884122 -0.120706464346306
"537" 5.56796501877735 0.57699153622054 0.295355373828886 0.213933125512176 0.515725060011461
"538" 1.21495760733084 -0.862144370407288 -1.00176021054744 -1.2586937264873 -1.72329690315742
"539" -18.3894690992729 -2.31378467356613 -1.94338808158034 -1.82627599414801 -1.54381567023377
"540" 3.10408097100721 1.14308421854839 1.15412341086379 1.33347659700083 1.19762792097517
"541" -16.1968102535679 -1.25193795998102 0.184385233678496 0.714436664283913 -1.22389957462166
"542" -4.68913164724512 0.531097853013748 0.813893744976857 1.12854440562886 0.913901598813628
"543" -1.83305766305726 1.23611115845151 1.07266653278217 1.46943435573061 1.41692952162259
"544" 9.33658741640153 -0.318006027145339 -0.731595586834058 -1.21442412094567 -1.49306321825781
"545" -1.059726967983 -0.0264351610549698 0.805438406461656 0.848538830532446 0.919081568942157
"546" 3.52204138663858 1.62252361257098 0.300601046853777 0.417089164499797 1.79038601314626
"547" -10.9147700322633 -1.10594786619285 -0.726279016831873 -0.456935682613122 -1.65127736691444
"548" -6.79877327672212 0.0930964498018632 -0.514982839062151 -0.291051715427531 0.110123967605946
"549" -3.58256539992373 0.504003967212247 -0.925042132363478 -0.818192528963123 0.520031015334581
"550" 10.8068860061502 -0.418770237781057 -1.1379764331684 -1.89049643494675 -0.190830240184808
"551" 7.69089693349943 -1.51510277691673 -0.87314637892325 -1.48148371233502 -2.17744029101697
"552" -18.7805250932328 -1.66587128696945 -1.22266903482615 -0.918547002658779 -1.16361374496227
"553" 6.83406175630343 -0.137223864750201 0.544541071556448 0.275157493048119 -0.124547133356726
"554" 2.2822010065475 -0.100118229337026 -0.00471172351586999 -0.139431170249947 0.0414845007221878
"555" 13.9795702082118 1.03909519832888 1.6625129809119 1.4101983415655 1.19344430462764
"556" -15.8848747580858 -1.03837868199854 -1.05991159248994 -0.708105829459911 -0.781000616181417
"557" -42.8472640247271 -2.16284833054001 -1.67111587268632 -0.490572461296505 -0.671092267398546
"558" -25.1322118039861 -1.84739107082296 -1.51339530363999 -1.04356856419629 -0.394071448036655
"559" -18.2420052353112 -0.460283206986777 -1.10891518524086 -0.5407846827569 -0.167882155093865
"560" 4.73073110597551 0.707728973194867 0.899141951866237 0.911407197525498 0.736491271429704
"561" 5.53359889503408 0.899231168571479 0.613700853112782 0.667907174320324 0.419682556507502
"562" 5.29840107742405 -0.00578957068650689 -1.02973885589319 -1.30924617300654 -0.453178657824311
"563" 15.2540307356769 0.746666342511645 -0.26188405538181 -0.752780751682941 -0.277322329041572
"564" 2.85992591508984 -0.08705782974646 0.46244046878762 0.395748702329927 0.0914153247788125
"565" 3.72197375034039 0.0796652847581883 -0.522430056842238 -0.726756737323644 -0.266016858387166
"566" -4.78536108803299 0.883758647924814 1.14391732176028 1.62058043965951 1.30329837679794
"567" 3.28765128078622 1.54388390773627 1.17016728152991 1.38582609446156 1.73903651896172
"568" 15.0818935587863 1.26727591797903 1.19536063532508 0.966982398491749 0.775221970919351
"569" 5.96306251950177 0.416785348120254 -1.52282549532184 -1.91765495016576 0.461575239356888
"570" 11.9407683431843 -0.429375574501907 0.587925018993276 0.124801961023763 -0.830907377192165
"571" 5.8464700663129 -0.116733091709595 -1.24356259456569 -1.63278077592061 -0.430541859773501
"572" 9.90102710441885 0.580958442064955 1.08260667303954 0.886179971197254 0.518021877166251
"573" -2.35763212697858 -0.0889393488333858 -0.755488890972286 -0.747282219264798 -0.203948404472728
"574" 11.8114220300215 1.07345682951837 0.757026065761336 0.542044131126003 0.862428023235556
"575" -24.8903832299304 -0.309184306317547 -0.130498349342157 0.760362759082697 1.04759473788058
"576" -12.3492699726391 -0.269838437950077 -1.34983153739267 -1.09503969815574 0.252209893407995
"577" -15.8853919230345 0.258126273401088 -0.165638421072083 0.605314818090206 0.368572012243503
"578" -3.5393472820907 -0.327435048048107 0.789526243370883 0.90145270321789 0.802799451987807
"579" 20.2509817127645 0.794335128500393 0.800549087876018 0.175187695928984 0.452619759728238
"580" 1.71325034212471 0.00439157172863446 -0.41937611272234 -0.547311153754737 -0.0811235790812003
"581" 19.3205583908113 0.460812148321154 1.59043707630159 1.03304396013596 0.171071590978705
"582" -2.49457630860686 -0.483213722328182 0.586945686396895 0.627160868227816 -0.061189291872484
"583" -1.84761116569395 -0.0265948906804779 -0.599086571576563 -0.558640376757936 -0.411032507246905
"584" 19.8146798848113 2.20509597096412 0.612668380495164 0.222981504911728 1.82093104190677
"585" -1.5119797089145 -0.649144879818801 0.350744174605234 0.417055113991039 -1.21010936917529
"586" -2.35319618570298 -0.426554841965479 -0.422501430524344 -0.43079050035846 -0.704837094530104
"587" 1.06324175681383 -0.376730671586939 1.26936873662564 1.32247012263732 -0.198907147621298
"588" -15.2168712678054 -0.640214323568046 0.531377579818441 1.12181103006883 0.088389965888716
"589" 3.20776333065674 0.899671781536938 -0.432498820722059 -0.461840974552994 0.648331732245606
"590" 10.1656614327086 -0.192861852147403 0.615351685318228 0.227404929272256 -0.285632542851092
"591" -6.62518780558651 -0.548858700302027 -0.605083311086582 -0.519795951779122 -0.328016012362828
"592" -11.6739779206639 -1.0462146514032 -0.191945900510042 0.109652177013823 -0.974418128888542
"593" 4.28056188332678 -0.434895238246236 0.168008467276343 -0.0525013224674539 -0.415852192584977
"594" 12.6152102531245 0.106226717715406 0.507754361857627 0.0770702850320311 -0.544001244319233
"595" 26.2031508455215 0.738897795349667 1.66004806395221 0.88165843988251 0.140986438764613
"596" -21.9510082042938 0.24281721840203 0.187379461819505 1.10173123067556 1.45283513499292
"597" 3.85729764145208 0.362951952279321 1.38458056777504 1.4096031057517 0.872029800727351
"598" -39.6617006458878 -0.976210068377433 -0.974798185676254 0.317691713493972 0.492682815604962
"599" 18.8268003771862 2.39515584727529 2.58722212952124 2.47139103112824 2.27110705321574
"600" 21.477792815187 -0.188268506142893 -1.22265573460022 -2.27855535303445 -0.952448480724269
"601" -10.7617738870595 -0.14988132239388 -0.0953067290768974 0.305679676247679 0.145710060603935
"602" -13.6409404632874 0.595546234519475 -0.0581689883836282 0.566729181309458 0.964860627163814
"603" -11.6079387467313 0.959337910361394 0.843791204473741 1.59676734727289 1.50849795813347
"604" 8.6564490295583 -0.264673446824648 0.866874766504962 0.437323133125067 0.617197597235405
"605" -9.71890180347691 1.11110626047317 0.582394184484186 1.22624554227306 1.5089999048239
"606" 1.34422176150592 0.547937627301005 0.254091755012241 0.358908547288201 0.211244954822213
"607" -8.92052030860216 -0.964675548935601 -1.40116006281376 -1.2871041687755 -1.41216939821596
"608" 12.481303097839 0.56678932750736 -0.235973352677405 -0.65455323041026 -0.194578231703545
"609" 3.01252363696775 0.884000612148557 1.16153627577244 1.22376868344789 1.32232777747248
"610" -13.6321493425292 1.14074879866318 0.529797662102628 1.35952556075532 1.73673909256538
"611" -2.96337727545255 -1.69171712903126 -0.521504515255264 -0.757301684443932 -1.32513296930227
"612" 3.60516668844002 -0.614131970185316 0.203270682254828 0.058639448378016 -1.2080312788155
"613" 4.33703158529306 0.549266882571141 -0.866307277012817 -1.11836128137806 0.684969100430255
"614" -16.7590838484247 -0.980749858910789 -1.6025720442917 -1.33756502986993 -0.00442303779102549
"615" -0.899054759401717 -0.96962845223975 0.382900761476403 0.255941346257179 -0.162636312186018
"616" 5.6293080273977 1.48567117945037 1.45409858044945 1.58125053060595 1.71493576495104
"617" 1.66377839436591 -1.43872161715393 -1.40957378422791 -1.74525847328727 -2.47783952750369
"618" -4.42147774045964 1.18236223527789 1.3793502725695 1.90682244330554 1.6694778804059
"619" -16.1712528481073 0.0627412080928736 -0.651823828546314 -0.0414979991586248 0.275681131930007
"620" 10.0419854740073 -0.603528907538348 -0.449229232227288 -0.963604136523023 -1.4735345939202
"621" -2.63987136012051 -0.244200343252468 -0.282061594313285 -0.238761113259069 -0.138683566207386
"622" 4.49888837945847 0.172277449253342 -0.40086381475097 -0.553128648740494 -0.503844024665355
"623" -0.263962185974946 -0.338673317265885 -0.586443098527122 -0.727656010333735 -0.0147058919797767
"624" -1.91319532265687 -1.78825994613011 -1.6576293993189 -2.06338339744445 -1.99367577233062
"625" 0.263031649612584 0.783387832140501 1.24270406849088 1.47887978044199 1.30484681926561
"626" -0.691647959886892 1.60585927112352 2.09831617021793 2.66587055145854 1.78103219016877
"627" -14.0943592553461 -0.0824791163365992 -0.0250407848976388 0.520794606370346 0.707265551665579
"628" 5.95244271679049 -0.312690475794732 -0.189509280634002 -0.52890083698328 -0.356511128330383
"629" 23.6845751647826 1.27819732926439 1.32139802012971 0.791311354495609 -0.0344724374429244
"630" 15.4063886140713 0.571247318337062 0.678060725388418 0.250125752276563 -0.0831302801287666
"631" 9.97447644997215 1.03182951371401 -0.0746427143932396 -0.347102142563144 1.23954266846773
"632" -11.5430752869358 0.566389084361375 -0.392717365949459 0.105462004167064 1.24100125351502
"633" 9.93706015371995 0.835256577392575 0.34095992640146 -0.00277204583459856 1.41136145602379
"634" 3.63763175370427 0.277515444522392 0.4181123224966 0.31768963874358 0.774877330166305
"635" -13.3652269365674 -2.92669390942459 -1.80565798762176 -1.95775793319153 -2.83927995450582
"636" -6.15918864475691 -0.165987425674977 0.84398182873383 1.21058391412867 -0.252696810953787
"637" 3.20358822554417 0.289944880039475 -0.398710017570642 -0.538516748132521 0.242870643849753
"638" 1.46049870543236 0.447843256986124 0.971561727349194 1.13467019318883 0.429658676719424
"639" 20.0775619301244 1.01902293013217 0.346786448502738 -0.239448785668872 0.328698377213219
"640" -20.609289214915 -1.50011443935346 -1.5777663298294 -1.1213334864656 -0.936480413817288
"641" -2.14327318057149 -0.319607893388503 0.126190236336773 0.13914797220848 -0.114604460601855
"642" -21.3647067817625 -1.54799981215203 -2.53698667184154 -2.15533758420652 -1.51001237023109
"643" -5.01284695013286 -0.0844409834451205 0.651508936428053 0.88256306290712 0.240298702896024
"644" -4.86553370427974 -1.59492419335095 -0.934401523354627 -1.09261240704619 -1.57188694188637
"645" -16.9900175498885 -0.266080612111701 -0.957857816600318 -0.344762794258354 -0.491405847516913
"646" -19.7078485904986 -0.758827854616905 -0.13566777418269 0.461717354578952 0.330177089420523
"647" 14.6000903621649 0.0173094535739878 0.0638368950575865 -0.458652490846832 -1.00288637213432
"648" -8.39408710156914 -0.452812475730035 -1.11660053531434 -0.968395789932777 -0.679931190165482
"649" 3.43806237736911 0.961894657059143 -0.479073431995489 -0.558603487184729 0.826945283205729
"650" 3.27954724869841 0.0647663972948111 1.05371670004977 1.03730983298397 0.180719989474203